2885 2248 2871     2058 2057 2877 
7950  6542 2405    0930 9178 3499

78526 74977 79610 79496 7494753.
82652 20544 80723 30680 77264820

am amzn

vduk 75015 37639 74947

3.
2627
3325
S 2057 9178 5589
DM2558 9564 4975
xx2870 8255 2754
V 2525 2984 7896
NF2871 2405 2876
IO2557 8449 1890
SL2877 3499 1298
VI2628 0537 2876
NX2620 6930 2769
Y 2623 2683 9820
VK2525 7896 5273
AL2821 3129 4758
A+2493 6172 4586
OT2246 4831 7431
OV2058 0239 0259
B 2234 4782 3019
RO2558 3369 1498
N+2498 2099 2589
T 2058 0930 5470

